# transform file transforms/cc_up.lta
# created by gtu on Mon Mar 16 14:35:37 2026

type      = 0 # LINEAR_VOX_TO_VOX
nxforms   = 1
mean      = 128.0000 131.0000 111.0000
sigma     = 10000.0000
1 4 4
9.998320937156677e-01 1.419554185122252e-02 -1.159579865634441e-02 -6.547181606292725e-01 
-1.419458724558353e-02 9.998993277549744e-01 1.646252203499898e-04 2.181561660766602e+01 
1.159696653485298e-02 0.000000000000000e+00 9.999328255653381e-01 2.251853752136230e+01 
0.000000000000000e+00 0.000000000000000e+00 0.000000000000000e+00 1.000000000000000e+00 
src volume info
valid = 1  # volume info valid
filename = /mnt/c/Users/ADMIN/Documents/Dev_Projects/OASIS_OAS1_0001_MR1_nii-20260316T061137Z-1-001/PreprocessFiles/OASIS_0001/mri/norm.mgz
volume = 256 256 256
voxelsize = 1.000000000000000e+00 1.000000000000000e+00 1.000000000000000e+00
xras   = -1.000000000000000e+00 0.000000000000000e+00 0.000000000000000e+00
yras   = 0.000000000000000e+00 0.000000000000000e+00 -1.000000000000000e+00
zras   = 0.000000000000000e+00 1.000000000000000e+00 0.000000000000000e+00
cras   = 0.000000000000000e+00 0.000000000000000e+00 0.000000000000000e+00
dst volume info
valid = 1  # volume info valid
filename = /mnt/c/Users/ADMIN/Documents/Dev_Projects/OASIS_OAS1_0001_MR1_nii-20260316T061137Z-1-001/PreprocessFiles/OASIS_0001/mri/norm.mgz
volume = 256 256 256
voxelsize = 1.000000000000000e+00 1.000000000000000e+00 1.000000000000000e+00
xras   = -1.000000000000000e+00 0.000000000000000e+00 0.000000000000000e+00
yras   = 0.000000000000000e+00 0.000000000000000e+00 -1.000000000000000e+00
zras   = 0.000000000000000e+00 1.000000000000000e+00 0.000000000000000e+00
cras   = 0.000000000000000e+00 0.000000000000000e+00 0.000000000000000e+00
