type      = 1 # LINEAR_RAS_TO_RAS
nxforms   = 1
mean      = 0.0000 0.0000 0.0000
sigma     = 1.0000
1 4 4
1.138472914695740e+00 2.697351388633251e-03 2.676081843674183e-02 5.292104575783014e-01
-2.820410393178463e-02 1.087823152542114e+00 3.100798726081848e-01 1.480604641139507e+00
-2.541713416576385e-02 -4.253225028514862e-01 1.203102588653564e+00 -6.725820481777191e+00
0.000000000000000e+00 0.000000000000000e+00 0.000000000000000e+00 1.000000000000000e+00
src volume info
valid = 1
filename = none
volume = 166 216 218
voxelsize = 1.000000000000000e+00 1.000000000000000e+00 1.000000000000000e+00
xras   = -1.000000000000000e+00 0.000000000000000e+00 0.000000000000000e+00
yras   = 0.000000000000000e+00 0.000000000000000e+00 -1.000000000000000e+00
zras   = 0.000000000000000e+00 1.000000000000000e+00 0.000000000000000e+00
cras   = 1.000000000000000e+00 -7.000000000000000e+00 -3.000000000000000e+00
dst volume info
valid = 1
filename = none
volume = 152 189 162
voxelsize = 1.000000000000000e+00 1.000000000000000e+00 1.000000000000000e+00
xras   = 1.000000000000000e+00 0.000000000000000e+00 0.000000000000000e+00
yras   = 0.000000000000000e+00 1.000000000000000e+00 0.000000000000000e+00
zras   = 0.000000000000000e+00 0.000000000000000e+00 1.000000000000000e+00
cras   = 0.000000000000000e+00 -1.750000000000000e+01 5.000000000000000e+00
