type      = 1 # LINEAR_RAS_TO_RAS
nxforms   = 1
mean      = 0.0000 0.0000 0.0000
sigma     = 1.0000
1 4 4
1.138472914695740e+00 2.697351155802608e-03 2.676081657409668e-02 5.291819572448730e-01 
-2.820410393178463e-02 1.087823152542114e+00 3.100799620151520e-01 1.480611920356750e+00 
-2.541713416576385e-02 -4.253224730491638e-01 1.203102707862854e+00 -6.725808620452881e+00 
0.000000000000000e+00 0.000000000000000e+00 0.000000000000000e+00 1.000000000000000e+00 
src volume info
valid = 1  # volume info valid
filename = /mnt/c/Users/ADMIN/Documents/Dev_Projects/OASIS_OAS1_0001_MR1_nii-20260316T061137Z-1-001/PreprocessFiles/OASIS_0001/mri/orig.mgz
volume = 256 256 256
voxelsize = 1.000000000000000e+00 1.000000000000000e+00 1.000000000000000e+00
xras   = -1.000000000000000e+00 0.000000000000000e+00 0.000000000000000e+00
yras   = 0.000000000000000e+00 0.000000000000000e+00 -1.000000000000000e+00
zras   = 0.000000000000000e+00 1.000000000000000e+00 0.000000000000000e+00
cras   = 0.000000000000000e+00 0.000000000000000e+00 0.000000000000000e+00
dst volume info
valid = 1  # volume info valid
filename = /autofs/space/curv_001/users/fs-mni152-atlas/mni_icbm152_nlin_asym_09c/reg-targets/mni152.1.0mm.nii.gz
volume = 193 229 193
voxelsize = 1.000000000000000e+00 1.000000000000000e+00 1.000000000000000e+00
xras   = 1.000000000000000e+00 -0.000000000000000e+00 0.000000000000000e+00
yras   = -0.000000000000000e+00 1.000000000000000e+00 0.000000000000000e+00
zras   = -0.000000000000000e+00 -0.000000000000000e+00 1.000000000000000e+00
cras   = 5.000000000000000e-01 -1.750000000000000e+01 1.850000000000000e+01
fscale 0.100000
